==========================================================================================
                      CLASSIFICATION REPORT - PENELITIAN KELOMPOK 8                       
==========================================================================================

📊 INFORMASI DATASET
------------------------------------------------------------------------------------------
Total Data Uji : 29
Jumlah Kelas   : 8
Nama Kelas     : 0, 1, 2, 3, 4, 5, 6, 7

==========================================================================================
                                      MLP OPTIMIZED                                       
==========================================================================================
              precision    recall  f1-score   support

           0       0.00      0.00      0.00         2
           1       0.23      0.43      0.30         7
           2       0.00      0.00      0.00         5
           3       0.00      0.00      0.00         4
           4       0.00      0.00      0.00         2
           5       0.06      0.33      0.11         3
           6       0.00      0.00      0.00         3
           7       0.00      0.00      0.00         3

    accuracy                           0.14        29
   macro avg       0.04      0.10      0.05        29
weighted avg       0.06      0.14      0.08        29


==========================================================================================
                                           SVM                                            
==========================================================================================
              precision    recall  f1-score   support

           0       0.00      0.00      0.00         2
           1       0.30      1.00      0.47         7
           2       0.00      0.00      0.00         5
           3       0.50      0.25      0.33         4
           4       0.00      0.00      0.00         2
           5       0.50      0.33      0.40         3
           6       0.00      0.00      0.00         3
           7       0.00      0.00      0.00         3

    accuracy                           0.31        29
   macro avg       0.16      0.20      0.15        29
weighted avg       0.19      0.31      0.20        29
